30 60,95,6
11,76,30
28,85,46
11,27,44
97,25,49
12,58,39
41,95,8
89,27,1
29,40,28
6,1,26
36,32,17
86,15,19
63,62,19
78,32,9
60,99,31
23,28,11
85,9,5
40,95,45
27,11,17
68,75,38
39,1,32
36,0,22
59,20,49
98,76,46
28,91,35
52,68,40
42,35,1
52,31,17
31,86,49
59,34,3

22 16,22 -23,12,-2
18,28 -5,-12,1
16,27 20,-15,12
2,6,25,29 23,-3,23
8,18,23,24 8,-20,-16
8,11,12,24 11,-14,-11
10,24 19,-25,-9
0,3,13,21 7,12,-12
2,17 7,13,-1
2,8,21 13,10,-3
15,16,26 23,-10,13
6,28 14,20,9
9,13,15,16 19,-4,23
22,25 -22,-24,-10
9,23,28 -14,-16,-9
5,15 23,7,13
13,17,19 -14,9,-2
0,6 25,-21,16
8,20,21,22,29 10,-24,24
11,29 -1,8,-10
0,12,18 -9,-10,-10
20,22,23,24 0,10,4

